0.9578719864842735
0.9515826987027431
0.9473995683917485
0.9441552103482213
0.941466981644489
0.9391549103950788
0.9372579094400929
0.9356284342608101
0.9341173189701717
0.9327067285164642
0.9314517894231658
0.9301838793831666
0.9290164941800984
0.927881536343782
0.9267919768209183
0.9257688933998959
0.9247733732406127
0.9239351258100762
0.9230482373294118
0.9221645915854226
0.9213214800498732
0.9205691651412293
0.9198622485460379
0.9191310114257827
0.9184257161989289
0.9177560910755023
0.917120514687165
0.9165384434539685
0.9159012456972938
