0.8176100628930818
0.8408658768465701
0.8494953927161035
0.8565160157964019
0.8609039052215884
0.8651455316659353
0.8677782653210473
0.8708497879186777
0.8731899956121105
0.8749451513821852
0.8758227292672225
0.8771390960947784
0.8794793037882112
0.8803568816732485
0.8813807225391254
0.881819511481644
0.8824045634050022
0.8837209302325582
0.884744771098435
0.8856223489834723
0.8862074009068305
0.8866461898493492
0.8869387158110282
0.8878162936960655
0.8884013456194237
0.8894251864853006
0.8904490273511774
0.890595290332017
0.8913266052362148
